1326
0
1
2
3
4
5
6
7
8
9
10
11
12
13
14
15
16
17
18
19
20
21
22
23
24
25
26
27
28
29
30
31
32
33
34
35
36
37
38
39
40
41
42
43
44
45
46
47
48
49
50
51
52
53
54
55
56
57
58
59
60
61
62
63
64
65
66
67
68
69
70
71
72
73
74
75
76
77
78
79
80
81
82
83
84
85
86
87
88
89
90
91
92
93
94
95
96
97
98
99
100
1
101
102
103
104
105
106
107
108
109
110
111
112
113
114
115
116
117
118
119
120
121
122
123
124
125
126
127
128
129
130
131
132
133
134
135
136
137
138
139
140
141
142
143
144
145
146
147
148
149
49
52
150
151
152
153
154
155
156
157
158
159
160
161
162
163
164
165
166
167
168
169
170
171
172
173
174
175
176
177
178
179
180
181
182
183
184
185
186
187
188
189
190
191
192
193
194
195
196
197
99
2
102
198
199
200
201
202
203
204
205
206
207
208
209
210
211
212
213
214
215
216
217
218
219
220
221
222
223
224
225
226
227
228
229
230
231
232
233
234
235
236
237
238
239
240
241
242
243
244
148
48
53
151
245
246
247
248
249
250
251
252
253
254
255
256
257
258
259
260
261
262
263
264
265
266
267
268
269
270
271
272
273
274
275
276
277
278
279
280
281
282
283
284
285
286
287
288
289
290
196
98
3
103
199
291
292
293
294
295
296
297
298
299
300
301
302
303
304
305
306
307
308
309
310
311
312
313
314
315
316
317
318
319
320
321
322
323
324
325
326
327
328
329
330
331
332
333
334
335
243
147
47
54
152
246
336
337
338
339
340
341
342
343
344
345
346
347
348
349
350
351
352
353
354
355
356
357
358
359
360
361
362
363
364
365
366
367
368
369
370
371
372
373
374
375
376
377
378
379
289
195
97
4
104
200
292
380
381
382
383
384
385
386
387
388
389
390
391
392
393
394
395
396
397
398
399
400
401
402
403
404
405
406
407
408
409
410
411
412
413
414
415
416
417
418
419
420
421
422
334
242
146
46
55
153
247
337
423
424
425
426
427
428
429
430
431
432
433
434
435
436
437
438
439
440
441
442
443
444
445
446
447
448
449
450
451
452
453
454
455
456
457
458
459
460
461
462
463
464
378
288
194
96
5
105
201
293
381
465
466
467
468
469
470
471
472
473
474
475
476
477
478
479
480
481
482
483
484
485
486
487
488
489
490
491
492
493
494
495
496
497
498
499
500
501
502
503
504
505
421
333
241
145
45
56
154
248
338
424
506
507
508
509
510
511
512
513
514
515
516
517
518
519
520
521
522
523
524
525
526
527
528
529
530
531
532
533
534
535
536
537
538
539
540
541
542
543
544
545
463
377
287
193
95
6
106
202
294
382
466
546
547
548
549
550
551
552
553
554
555
556
557
558
559
560
561
562
563
564
565
566
567
568
569
570
571
572
573
574
575
576
577
578
579
580
581
582
583
584
504
420
332
240
144
44
57
155
249
339
425
507
585
586
587
588
589
590
591
592
593
594
595
596
597
598
599
600
601
602
603
604
605
606
607
608
609
610
611
612
613
614
615
616
617
618
619
620
621
622
544
462
376
286
192
94
7
107
203
295
383
467
547
623
624
625
626
627
628
629
630
631
632
633
634
635
636
637
638
639
640
641
642
643
644
645
646
647
648
649
650
651
652
653
654
655
656
657
658
659
583
503
419
331
239
143
43
58
156
250
340
426
508
586
660
661
662
663
664
665
666
667
668
669
670
671
672
673
674
675
676
677
678
679
680
681
682
683
684
685
686
687
688
689
690
691
692
693
694
695
621
543
461
375
285
191
93
8
108
204
296
384
468
548
624
696
697
698
699
700
701
702
703
704
705
706
707
708
709
710
711
712
713
714
715
716
717
718
719
720
721
722
723
724
725
726
727
728
729
730
658
582
502
418
330
238
142
42
59
157
251
341
427
509
587
661
731
732
733
734
735
736
737
738
739
740
741
742
743
744
745
746
747
748
749
750
751
752
753
754
755
756
757
758
759
760
761
762
763
764
694
620
542
460
374
284
190
92
9
109
205
297
385
469
549
625
697
765
766
767
768
769
770
771
772
773
774
775
776
777
778
779
780
781
782
783
784
785
786
787
788
789
790
791
792
793
794
795
796
797
729
657
581
501
417
329
237
141
41
60
158
252
342
428
510
588
662
732
798
799
800
801
802
803
804
805
806
807
808
809
810
811
812
813
814
815
816
817
818
819
820
821
822
823
824
825
826
827
828
829
763
693
619
541
459
373
283
189
91
10
110
206
298
386
470
550
626
698
766
830
831
832
833
834
835
836
837
838
839
840
841
842
843
844
845
846
847
848
849
850
851
852
853
854
855
856
857
858
859
860
796
728
656
580
500
416
328
236
140
40
61
159
253
343
429
511
589
663
733
799
861
862
863
864
865
866
867
868
869
870
871
872
873
874
875
876
877
878
879
880
881
882
883
884
885
886
887
888
889
890
828
762
692
618
540
458
372
282
188
90
11
111
207
299
387
471
551
627
699
767
831
891
892
893
894
895
896
897
898
899
900
901
902
903
904
905
906
907
908
909
910
911
912
913
914
915
916
917
918
919
859
795
727
655
579
499
415
327
235
139
39
62
160
254
344
430
512
590
664
734
800
862
920
921
922
923
924
925
926
927
928
929
930
931
932
933
934
935
936
937
938
939
940
941
942
943
944
945
946
947
889
827
761
691
617
539
457
371
281
187
89
12
112
208
300
388
472
552
628
700
768
832
892
948
949
950
951
952
953
954
955
956
957
958
959
960
961
962
963
964
965
966
967
968
969
970
971
972
973
974
918
858
794
726
654
578
498
414
326
234
138
38
63
161
255
345
431
513
591
665
735
801
863
921
975
976
977
978
979
980
981
982
983
984
985
986
987
988
989
990
991
992
993
994
995
996
997
998
999
1000
946
888
826
760
690
616
538
456
370
280
186
88
13
113
209
301
389
473
553
629
701
769
833
893
949
1001
1002
1003
1004
1005
1006
1007
1008
1009
1010
1011
1012
1013
1014
1015
1016
1017
1018
1019
1020
1021
1022
1023
1024
1025
973
917
857
793
725
653
577
497
413
325
233
137
37
64
162
256
346
432
514
592
666
736
802
864
922
976
1026
1027
1028
1029
1030
1031
1032
1033
1034
1035
1036
1037
1038
1039
1040
1041
1042
1043
1044
1045
1046
1047
1048
1049
999
945
887
825
759
689
615
537
455
369
279
185
87
14
114
210
302
390
474
554
630
702
770
834
894
950
1002
1050
1051
1052
1053
1054
1055
1056
1057
1058
1059
1060
1061
1062
1063
1064
1065
1066
1067
1068
1069
1070
1071
1072
1024
972
916
856
792
724
652
576
496
412
324
232
136
36
65
163
257
347
433
515
593
667
737
803
865
923
977
1027
1073
1074
1075
1076
1077
1078
1079
1080
1081
1082
1083
1084
1085
1086
1087
1088
1089
1090
1091
1092
1093
1094
1048
998
944
886
824
758
688
614
536
454
368
278
184
86
15
115
211
303
391
475
555
631
703
771
835
895
951
1003
1051
1095
1096
1097
1098
1099
1100
1101
1102
1103
1104
1105
1106
1107
1108
1109
1110
1111
1112
1113
1114
1115
1071
1023
971
915
855
791
723
651
575
495
411
323
231
135
35
66
164
258
348
434
516
594
668
738
804
866
924
978
1028
1074
1116
1117
1118
1119
1120
1121
1122
1123
1124
1125
1126
1127
1128
1129
1130
1131
1132
1133
1134
1135
1093
1047
997
943
885
823
757
687
613
535
453
367
277
183
85
16
116
212
304
392
476
556
632
704
772
836
896
952
1004
1052
1096
1136
1137
1138
1139
1140
1141
1142
1143
1144
1145
1146
1147
1148
1149
1150
1151
1152
1153
1154
1114
1070
1022
970
914
854
790
722
650
574
494
410
322
230
134
34
67
165
259
349
435
517
595
669
739
805
867
925
979
1029
1075
1117
1155
1156
1157
1158
1159
1160
1161
1162
1163
1164
1165
1166
1167
1168
1169
1170
1171
1172
1134
1092
1046
996
942
884
822
756
686
612
534
452
366
276
182
84
17
117
213
305
393
477
557
633
705
773
837
897
953
1005
1053
1097
1137
1173
1174
1175
1176
1177
1178
1179
1180
1181
1182
1183
1184
1185
1186
1187
1188
1189
1153
1113
1069
1021
969
913
853
789
721
649
573
493
409
321
229
133
33
68
166
260
350
436
518
596
670
740
806
868
926
980
1030
1076
1118
1156
1190
1191
1192
1193
1194
1195
1196
1197
1198
1199
1200
1201
1202
1203
1204
1205
1171
1133
1091
1045
995
941
883
821
755
685
611
533
451
365
275
181
83
18
118
214
306
394
478
558
634
706
774
838
898
954
1006
1054
1098
1138
1174
1206
1207
1208
1209
1210
1211
1212
1213
1214
1215
1216
1217
1218
1219
1220
1188
1152
1112
1068
1020
968
912
852
788
720
648
572
492
408
320
228
132
32
69
167
261
351
437
519
597
671
741
807
869
927
981
1031
1077
1119
1157
1191
1221
1222
1223
1224
1225
1226
1227
1228
1229
1230
1231
1232
1233
1234
1204
1170
1132
1090
1044
994
940
882
820
754
684
610
532
450
364
274
180
82
19
119
215
307
395
479
559
635
707
775
839
899
955
1007
1055
1099
1139
1175
1207
1235
1236
1237
1238
1239
1240
1241
1242
1243
1244
1245
1246
1247
1219
1187
1151
1111
1067
1019
967
911
851
787
719
647
571
491
407
319
227
131
31
70
168
262
352
438
520
598
672
742
808
870
928
982
1032
1078
1120
1158
1192
1222
1248
1249
1250
1251
1252
1253
1254
1255
1256
1257
1258
1259
1233
1203
1169
1131
1089
1043
993
939
881
819
753
683
609
531
449
363
273
179
81
20
120
216
308
396
480
560
636
708
776
840
900
956
1008
1056
1100
1140
1176
1208
1236
1260
1261
1262
1263
1264
1265
1266
1267
1268
1269
1270
1246
1218
1186
1150
1110
1066
1018
966
910
850
786
718
646
570
490
406
318
226
130
30
71
169
263
353
439
521
599
673
743
809
871
929
983
1033
1079
1121
1159
1193
1223
1249
1271
1272
1273
1274
1275
1276
1277
1278
1279
1280
1258
1232
1202
1168
1130
1088
1042
992
938
880
818
752
682
608
530
448
362
272
178
80
21
121
217
309
397
481
561
637
709
777
841
901
957
1009
1057
1101
1141
1177
1209
1237
1261
1281
1282
1283
1284
1285
1286
1287
1288
1289
1269
1245
1217
1185
1149
1109
1065
1017
965
909
849
785
717
645
569
489
405
317
225
129
29
72
170
264
354
440
522
600
674
744
810
872
930
984
1034
1080
1122
1160
1194
1224
1250
1272
1290
1291
1292
1293
1294
1295
1296
1297
1279
1257
1231
1201
1167
1129
1087
1041
991
937
879
817
751
681
607
529
447
361
271
177
79
22
122
218
310
398
482
562
638
710
778
842
902
958
1010
1058
1102
1142
1178
1210
1238
1262
1282
1298
1299
1300
1301
1302
1303
1304
1288
1268
1244
1216
1184
1148
1108
1064
1016
964
908
848
784
716
644
568
488
404
316
224
128
28
73
171
265
355
441
523
601
675
745
811
873
931
985
1035
1081
1123
1161
1195
1225
1251
1273
1291
1305
1306
1307
1308
1309
1310
1296
1278
1256
1230
1200
1166
1128
1086
1040
990
936
878
816
750
680
606
528
446
360
270
176
78
23
123
219
311
399
483
563
639
711
779
843
903
959
1011
1059
1103
1143
1179
1211
1239
1263
1283
1299
1311
1312
1313
1314
1315
1303
1287
1267
1243
1215
1183
1147
1107
1063
1015
963
907
847
783
715
643
567
487
403
315
223
127
27
74
172
266
356
442
524
602
676
746
812
874
932
986
1036
1082
1124
1162
1196
1226
1252
1274
1292
1306
1316
1317
1318
1319
1309
1295
1277
1255
1229
1199
1165
1127
1085
1039
989
935
877
815
749
679
605
527
445
359
269
175
77
24
124
220
312
400
484
564
640
712
780
844
904
960
1012
1060
1104
1144
1180
1212
1240
1264
1284
1300
1312
1320
1321
1322
1314
1302
1286
1266
1242
1214
1182
1146
1106
1062
1014
962
906
846
782
714
642
566
486
402
314
222
126
26
75
173
267
357
443
525
603
677
747
813
875
933
987
1037
1083
1125
1163
1197
1227
1253
1275
1293
1307
1317
1323
1324
1318
1308
1294
1276
1254
1228
1198
1164
1126
1084
1038
988
934
876
814
748
678
604
526
444
358
268
174
76
25
125
221
313
401
485
565
641
713
781
845
905
961
1013
1061
1105
1145
1181
1213
1241
1265
1285
1301
1313
1321
1325
1321
1313
1301
1285
1265
1241
1213
1181
1145
1105
1061
1013
961
905
845
781
713
641
565
485
401
313
221
125
25
76
174
268
358
444
526
604
678
748
814
876
934
988
1038
1084
1126
1164
1198
1228
1254
1276
1294
1308
1318
1324
1323
1317
1307
1293
1275
1253
1227
1197
1163
1125
1083
1037
987
933
875
813
747
677
603
525
443
357
267
173
75
26
126
222
314
402
486
566
642
714
782
846
906
962
1014
1062
1106
1146
1182
1214
1242
1266
1286
1302
1314
1322
1321
1320
1312
1300
1284
1264
1240
1212
1180
1144
1104
1060
1012
960
904
844
780
712
640
564
484
400
312
220
124
24
77
175
269
359
445
527
605
679
749
815
877
935
989
1039
1085
1127
1165
1199
1229
1255
1277
1295
1309
1319
1318
1317
1316
1306
1292
1274
1252
1226
1196
1162
1124
1082
1036
986
932
874
812
746
676
602
524
442
356
266
172
74
27
127
223
315
403
487
567
643
715
783
847
907
963
1015
1063
1107
1147
1183
1215
1243
1267
1287
1303
1315
1314
1313
1312
1311
1299
1283
1263
1239
1211
1179
1143
1103
1059
1011
959
903
843
779
711
639
563
483
399
311
219
123
23
78
176
270
360
446
528
606
680
750
816
878
936
990
1040
1086
1128
1166
1200
1230
1256
1278
1296
1310
1309
1308
1307
1306
1305
1291
1273
1251
1225
1195
1161
1123
1081
1035
985
931
873
811
745
675
601
523
441
355
265
171
73
28
128
224
316
404
488
568
644
716
784
848
908
964
1016
1064
1108
1148
1184
1216
1244
1268
1288
1304
1303
1302
1301
1300
1299
1298
1282
1262
1238
1210
1178
1142
1102
1058
1010
958
902
842
778
710
638
562
482
398
310
218
122
22
79
177
271
361
447
529
607
681
751
817
879
937
991
1041
1087
1129
1167
1201
1231
1257
1279
1297
1296
1295
1294
1293
1292
1291
1290
1272
1250
1224
1194
1160
1122
1080
1034
984
930
872
810
744
674
600
522
440
354
264
170
72
29
129
225
317
405
489
569
645
717
785
849
909
965
1017
1065
1109
1149
1185
1217
1245
1269
1289
1288
1287
1286
1285
1284
1283
1282
1281
1261
1237
1209
1177
1141
1101
1057
1009
957
901
841
777
709
637
561
481
397
309
217
121
21
80
178
272
362
448
530
608
682
752
818
880
938
992
1042
1088
1130
1168
1202
1232
1258
1280
1279
1278
1277
1276
1275
1274
1273
1272
1271
1249
1223
1193
1159
1121
1079
1033
983
929
871
809
743
673
599
521
439
353
263
169
71
30
130
226
318
406
490
570
646
718
786
850
910
966
1018
1066
1110
1150
1186
1218
1246
1270
1269
1268
1267
1266
1265
1264
1263
1262
1261
1260
1236
1208
1176
1140
1100
1056
1008
956
900
840
776
708
636
560
480
396
308
216
120
20
81
179
273
363
449
531
609
683
753
819
881
939
993
1043
1089
1131
1169
1203
1233
1259
1258
1257
1256
1255
1254
1253
1252
1251
1250
1249
1248
1222
1192
1158
1120
1078
1032
982
928
870
808
742
672
598
520
438
352
262
168
70
31
131
227
319
407
491
571
647
719
787
851
911
967
1019
1067
1111
1151
1187
1219
1247
1246
1245
1244
1243
1242
1241
1240
1239
1238
1237
1236
1235
1207
1175
1139
1099
1055
1007
955
899
839
775
707
635
559
479
395
307
215
119
19
82
180
274
364
450
532
610
684
754
820
882
940
994
1044
1090
1132
1170
1204
1234
1233
1232
1231
1230
1229
1228
1227
1226
1225
1224
1223
1222
1221
1191
1157
1119
1077
1031
981
927
869
807
741
671
597
519
437
351
261
167
69
32
132
228
320
408
492
572
648
720
788
852
912
968
1020
1068
1112
1152
1188
1220
1219
1218
1217
1216
1215
1214
1213
1212
1211
1210
1209
1208
1207
1206
1174
1138
1098
1054
1006
954
898
838
774
706
634
558
478
394
306
214
118
18
83
181
275
365
451
533
611
685
755
821
883
941
995
1045
1091
1133
1171
1205
1204
1203
1202
1201
1200
1199
1198
1197
1196
1195
1194
1193
1192
1191
1190
1156
1118
1076
1030
980
926
868
806
740
670
596
518
436
350
260
166
68
33
133
229
321
409
493
573
649
721
789
853
913
969
1021
1069
1113
1153
1189
1188
1187
1186
1185
1184
1183
1182
1181
1180
1179
1178
1177
1176
1175
1174
1173
1137
1097
1053
1005
953
897
837
773
705
633
557
477
393
305
213
117
17
84
182
276
366
452
534
612
686
756
822
884
942
996
1046
1092
1134
1172
1171
1170
1169
1168
1167
1166
1165
1164
1163
1162
1161
1160
1159
1158
1157
1156
1155
1117
1075
1029
979
925
867
805
739
669
595
517
435
349
259
165
67
34
134
230
322
410
494
574
650
722
790
854
914
970
1022
1070
1114
1154
1153
1152
1151
1150
1149
1148
1147
1146
1145
1144
1143
1142
1141
1140
1139
1138
1137
1136
1096
1052
1004
952
896
836
772
704
632
556
476
392
304
212
116
16
85
183
277
367
453
535
613
687
757
823
885
943
997
1047
1093
1135
1134
1133
1132
1131
1130
1129
1128
1127
1126
1125
1124
1123
1122
1121
1120
1119
1118
1117
1116
1074
1028
978
924
866
804
738
668
594
516
434
348
258
164
66
35
135
231
323
411
495
575
651
723
791
855
915
971
1023
1071
1115
1114
1113
1112
1111
1110
1109
1108
1107
1106
1105
1104
1103
1102
1101
1100
1099
1098
1097
1096
1095
1051
1003
951
895
835
771
703
631
555
475
391
303
211
115
15
86
184
278
368
454
536
614
688
758
824
886
944
998
1048
1094
1093
1092
1091
1090
1089
1088
1087
1086
1085
1084
1083
1082
1081
1080
1079
1078
1077
1076
1075
1074
1073
1027
977
923
865
803
737
667
593
515
433
347
257
163
65
36
136
232
324
412
496
576
652
724
792
856
916
972
1024
1072
1071
1070
1069
1068
1067
1066
1065
1064
1063
1062
1061
1060
1059
1058
1057
1056
1055
1054
1053
1052
1051
1050
1002
950
894
834
770
702
630
554
474
390
302
210
114
14
87
185
279
369
455
537
615
689
759
825
887
945
999
1049
1048
1047
1046
1045
1044
1043
1042
1041
1040
1039
1038
1037
1036
1035
1034
1033
1032
1031
1030
1029
1028
1027
1026
976
922
864
802
736
666
592
514
432
346
256
162
64
37
137
233
325
413
497
577
653
725
793
857
917
973
1025
1024
1023
1022
1021
1020
1019
1018
1017
1016
1015
1014
1013
1012
1011
1010
1009
1008
1007
1006
1005
1004
1003
1002
1001
949
893
833
769
701
629
553
473
389
301
209
113
13
88
186
280
370
456
538
616
690
760
826
888
946
1000
999
998
997
996
995
994
993
992
991
990
989
988
987
986
985
984
983
982
981
980
979
978
977
976
975
921
863
801
735
665
591
513
431
345
255
161
63
38
138
234
326
414
498
578
654
726
794
858
918
974
973
972
971
970
969
968
967
966
965
964
963
962
961
960
959
958
957
956
955
954
953
952
951
950
949
948
892
832
768
700
628
552
472
388
300
208
112
12
89
187
281
371
457
539
617
691
761
827
889
947
946
945
944
943
942
941
940
939
938
937
936
935
934
933
932
931
930
929
928
927
926
925
924
923
922
921
920
862
800
734
664
590
512
430
344
254
160
62
39
139
235
327
415
499
579
655
727
795
859
919
918
917
916
915
914
913
912
911
910
909
908
907
906
905
904
903
902
901
900
899
898
897
896
895
894
893
892
891
831
767
699
627
551
471
387
299
207
111
11
90
188
282
372
458
540
618
692
762
828
890
889
888
887
886
885
884
883
882
881
880
879
878
877
876
875
874
873
872
871
870
869
868
867
866
865
864
863
862
861
799
733
663
589
511
429
343
253
159
61
40
140
236
328
416
500
580
656
728
796
860
859
858
857
856
855
854
853
852
851
850
849
848
847
846
845
844
843
842
841
840
839
838
837
836
835
834
833
832
831
830
766
698
626
550
470
386
298
206
110
10
91
189
283
373
459
541
619
693
763
829
828
827
826
825
824
823
822
821
820
819
818
817
816
815
814
813
812
811
810
809
808
807
806
805
804
803
802
801
800
799
798
732
662
588
510
428
342
252
158
60
41
141
237
329
417
501
581
657
729
797
796
795
794
793
792
791
790
789
788
787
786
785
784
783
782
781
780
779
778
777
776
775
774
773
772
771
770
769
768
767
766
765
697
625
549
469
385
297
205
109
9
92
190
284
374
460
542
620
694
764
763
762
761
760
759
758
757
756
755
754
753
752
751
750
749
748
747
746
745
744
743
742
741
740
739
738
737
736
735
734
733
732
731
661
587
509
427
341
251
157
59
42
142
238
330
418
502
582
658
730
729
728
727
726
725
724
723
722
721
720
719
718
717
716
715
714
713
712
711
710
709
708
707
706
705
704
703
702
701
700
699
698
697
696
624
548
468
384
296
204
108
8
93
191
285
375
461
543
621
695
694
693
692
691
690
689
688
687
686
685
684
683
682
681
680
679
678
677
676
675
674
673
672
671
670
669
668
667
666
665
664
663
662
661
660
586
508
426
340
250
156
58
43
143
239
331
419
503
583
659
658
657
656
655
654
653
652
651
650
649
648
647
646
645
644
643
642
641
640
639
638
637
636
635
634
633
632
631
630
629
628
627
626
625
624
623
547
467
383
295
203
107
7
94
192
286
376
462
544
622
621
620
619
618
617
616
615
614
613
612
611
610
609
608
607
606
605
604
603
602
601
600
599
598
597
596
595
594
593
592
591
590
589
588
587
586
585
507
425
339
249
155
57
44
144
240
332
420
504
584
583
582
581
580
579
578
577
576
575
574
573
572
571
570
569
568
567
566
565
564
563
562
561
560
559
558
557
556
555
554
553
552
551
550
549
548
547
546
466
382
294
202
106
6
95
193
287
377
463
545
544
543
542
541
540
539
538
537
536
535
534
533
532
531
530
529
528
527
526
525
524
523
522
521
520
519
518
517
516
515
514
513
512
511
510
509
508
507
506
424
338
248
154
56
45
145
241
333
421
505
504
503
502
501
500
499
498
497
496
495
494
493
492
491
490
489
488
487
486
485
484
483
482
481
480
479
478
477
476
475
474
473
472
471
470
469
468
467
466
465
381
293
201
105
5
96
194
288
378
464
463
462
461
460
459
458
457
456
455
454
453
452
451
450
449
448
447
446
445
444
443
442
441
440
439
438
437
436
435
434
433
432
431
430
429
428
427
426
425
424
423
337
247
153
55
46
146
242
334
422
421
420
419
418
417
416
415
414
413
412
411
410
409
408
407
406
405
404
403
402
401
400
399
398
397
396
395
394
393
392
391
390
389
388
387
386
385
384
383
382
381
380
292
200
104
4
97
195
289
379
378
377
376
375
374
373
372
371
370
369
368
367
366
365
364
363
362
361
360
359
358
357
356
355
354
353
352
351
350
349
348
347
346
345
344
343
342
341
340
339
338
337
336
246
152
54
47
147
243
335
334
333
332
331
330
329
328
327
326
325
324
323
322
321
320
319
318
317
316
315
314
313
312
311
310
309
308
307
306
305
304
303
302
301
300
299
298
297
296
295
294
293
292
291
199
103
3
98
196
290
289
288
287
286
285
284
283
282
281
280
279
278
277
276
275
274
273
272
271
270
269
268
267
266
265
264
263
262
261
260
259
258
257
256
255
254
253
252
251
250
249
248
247
246
245
151
53
48
148
244
243
242
241
240
239
238
237
236
235
234
233
232
231
230
229
228
227
226
225
224
223
222
221
220
219
218
217
216
215
214
213
212
211
210
209
208
207
206
205
204
203
202
201
200
199
198
102
2
99
197
196
195
194
193
192
191
190
189
188
187
186
185
184
183
182
181
180
179
178
177
176
175
174
173
172
171
170
169
168
167
166
165
164
163
162
161
160
159
158
157
156
155
154
153
152
151
150
52
49
149
148
147
146
145
144
143
142
141
140
139
138
137
136
135
134
133
132
131
130
129
128
127
126
125
124
123
122
121
120
119
118
117
116
115
114
113
112
111
110
109
108
107
106
105
104
103
102
101
1
100
99
98
97
96
95
94
93
92
91
90
89
88
87
86
85
84
83
82
81
80
79
78
77
76
75
74
73
72
71
70
69
68
67
66
65
64
63
62
61
60
59
58
57
56
55
54
53
52
51
50
49
48
47
46
45
44
43
42
41
40
39
38
37
36
35
34
33
32
31
30
29
28
27
26
25
24
23
22
21
20
19
18
17
16
15
14
13
12
11
10
9
8
7
6
5
4
3
2
1
0
